interval_begin,interval_end,interval_flow,interval_harmonicMeanSpeed,interval_id,interval_length,interval_nVehContrib,interval_nVehEntered,interval_occupancy,interval_speed
0.00,60.00,0.00,-1.00,d_rp4_entry_1,-1.00,0,0,0.00,-1.00
0.00,60.00,60.00,8.75,d_rp4_entry_2,5.00,1,1,0.95,8.75
0.00,60.00,0.00,-1.00,d_rp4_entry_3,-1.00,0,0,0.00,-1.00
0.00,60.00,0.00,-1.00,d_rp4_entry_4,-1.00,0,0,0.00,-1.00
0.00,60.00,60.00,8.55,d_rp4_entry_5,5.00,1,1,0.97,8.55
0.00,60.00,0.00,-1.00,d_rp4_entry_6,-1.00,0,0,0.00,-1.00
0.00,60.00,0.00,-1.00,d_rp4_entry_7,-1.00,0,0,0.00,-1.00
0.00,60.00,0.00,-1.00,d_rp4_entry_8,-1.00,0,0,0.00,-1.00
60.00,120.00,120.00,9.19,d_rp4_entry_1,5.00,2,2,1.81,9.19
60.00,120.00,120.00,8.79,d_rp4_entry_2,5.00,2,2,1.90,8.83
60.00,120.00,120.00,6.95,d_rp4_entry_3,5.00,2,2,2.40,6.95
60.00,120.00,0.00,-1.00,d_rp4_entry_4,-1.00,0,0,0.00,-1.00
60.00,120.00,120.00,2.30,d_rp4_entry_5,5.00,2,3,8.10,4.80
60.00,120.00,60.00,9.75,d_rp4_entry_6,5.00,1,1,0.85,9.75
60.00,120.00,60.00,7.30,d_rp4_entry_7,5.00,1,1,1.14,7.30
60.00,120.00,60.00,8.96,d_rp4_entry_8,5.00,1,1,0.93,8.96
120.00,180.00,240.00,2.00,d_rp4_entry_1,5.00,4,5,25.77,7.97
120.00,180.00,360.00,3.23,d_rp4_entry_2,5.00,6,6,15.49,6.19
120.00,180.00,120.00,4.27,d_rp4_entry_3,5.00,2,2,3.90,4.90
120.00,180.00,360.00,2.43,d_rp4_entry_4,5.00,6,6,20.58,6.47
120.00,180.00,360.00,3.52,d_rp4_entry_5,5.00,6,5,13.36,6.62
120.00,180.00,240.00,3.88,d_rp4_entry_6,5.00,4,5,11.74,7.32
120.00,180.00,300.00,7.50,d_rp4_entry_7,5.00,5,6,5.85,7.58
120.00,180.00,60.00,7.32,d_rp4_entry_8,5.00,1,1,1.14,7.32
180.00,240.00,180.00,1.72,d_rp4_entry_1,5.00,3,2,5.48,5.28
180.00,240.00,600.00,5.33,d_rp4_entry_2,5.00,10,11,15.88,6.68
180.00,240.00,0.00,-1.00,d_rp4_entry_3,-1.00,0,0,0.00,-1.00
180.00,240.00,240.00,5.31,d_rp4_entry_4,5.00,4,4,6.28,7.21
180.00,240.00,840.00,7.18,d_rp4_entry_5,5.00,14,14,16.26,7.70
180.00,240.00,180.00,0.76,d_rp4_entry_6,5.00,3,2,29.64,3.03
180.00,240.00,240.00,1.37,d_rp4_entry_7,5.00,4,3,23.97,4.36
180.00,240.00,120.00,4.78,d_rp4_entry_8,5.00,2,2,3.49,5.74
240.00,300.00,480.00,2.78,d_rp4_entry_1,5.00,8,9,24.25,6.13
240.00,300.00,480.00,2.42,d_rp4_entry_2,5.00,8,8,31.57,5.30
240.00,300.00,180.00,5.99,d_rp4_entry_3,5.00,3,4,5.76,6.21
240.00,300.00,240.00,8.24,d_rp4_entry_4,5.00,4,4,4.05,8.34
240.00,300.00,660.00,4.62,d_rp4_entry_5,5.00,11,12,20.64,6.71
240.00,300.00,300.00,1.25,d_rp4_entry_6,5.00,5,6,52.87,2.30
240.00,300.00,420.00,3.92,d_rp4_entry_7,5.30,7,8,22.43,5.47
240.00,300.00,120.00,1.60,d_rp4_entry_8,5.00,2,3,23.82,1.64
300.00,360.00,180.00,2.99,d_rp4_entry_1,5.70,3,3,8.75,6.25
300.00,360.00,540.00,6.76,d_rp4_entry_2,5.00,9,10,11.21,7.37
300.00,360.00,240.00,4.54,d_rp4_entry_3,5.00,4,3,5.76,5.33
300.00,360.00,240.00,7.14,d_rp4_entry_4,5.00,4,4,4.67,7.48
300.00,360.00,840.00,4.47,d_rp4_entry_5,5.00,14,13,25.29,6.44
300.00,360.00,120.00,0.24,d_rp4_entry_6,5.00,2,2,94.56,2.82
300.00,360.00,480.00,1.30,d_rp4_entry_7,5.00,8,8,73.17,3.02
300.00,360.00,180.00,0.75,d_rp4_entry_8,5.70,3,3,21.21,3.27
360.00,420.00,180.00,8.08,d_rp4_entry_1,5.00,3,3,3.10,8.09
360.00,420.00,480.00,8.65,d_rp4_entry_2,5.00,8,7,7.59,8.73
360.00,420.00,240.00,4.83,d_rp4_entry_3,5.00,4,4,6.90,5.41
360.00,420.00,180.00,1.19,d_rp4_entry_4,5.00,3,3,20.96,3.03
360.00,420.00,660.00,2.73,d_rp4_entry_5,5.00,11,11,33.63,4.78
360.00,420.00,300.00,0.32,d_rp4_entry_6,5.00,5,4,87.35,2.43
360.00,420.00,420.00,0.56,d_rp4_entry_7,5.00,7,6,75.07,1.82
360.00,420.00,240.00,5.46,d_rp4_entry_8,5.00,4,3,5.14,6.65
420.00,480.00,420.00,0.92,d_rp4_entry_1,5.00,7,7,63.56,7.68
420.00,480.00,600.00,4.78,d_rp4_entry_2,5.00,10,10,17.43,6.38
420.00,480.00,240.00,4.11,d_rp4_entry_3,5.53,4,4,8.62,4.92
420.00,480.00,420.00,4.47,d_rp4_entry_4,5.00,7,7,13.04,6.38
420.00,480.00,600.00,3.93,d_rp4_entry_5,5.00,10,11,34.04,6.04
420.00,480.00,300.00,0.54,d_rp4_entry_6,5.00,5,6,81.35,3.49
420.00,480.00,420.00,0.76,d_rp4_entry_7,5.00,7,7,76.61,2.60
420.00,480.00,120.00,2.66,d_rp4_entry_8,5.00,2,2,6.27,4.76
480.00,540.00,300.00,8.35,d_rp4_entry_1,5.00,5,5,4.99,8.53
480.00,540.00,720.00,2.97,d_rp4_entry_2,5.00,12,12,33.61,5.71
480.00,540.00,360.00,3.10,d_rp4_entry_3,5.35,6,6,17.12,3.46
480.00,540.00,480.00,2.01,d_rp4_entry_4,5.00,8,8,33.19,5.29
480.00,540.00,660.00,5.34,d_rp4_entry_5,5.00,11,13,23.36,6.38
480.00,540.00,300.00,0.72,d_rp4_entry_6,5.42,5,5,73.74,4.20
480.00,540.00,480.00,0.92,d_rp4_entry_7,5.00,8,8,72.72,4.04
480.00,540.00,120.00,0.93,d_rp4_entry_8,5.00,2,2,17.86,4.29
540.00,600.00,240.00,5.75,d_rp4_entry_1,5.00,4,5,9.97,6.68
540.00,600.00,720.00,6.83,d_rp4_entry_2,5.00,12,12,14.63,7.33
540.00,600.00,360.00,4.14,d_rp4_entry_3,5.35,6,6,12.66,4.93
540.00,600.00,300.00,0.98,d_rp4_entry_4,5.00,5,5,42.58,3.55
540.00,600.00,420.00,0.89,d_rp4_entry_5,5.00,7,6,64.64,2.95
540.00,600.00,180.00,0.27,d_rp4_entry_6,5.00,3,2,91.75,4.36
540.00,600.00,360.00,0.67,d_rp4_entry_7,5.00,6,7,78.12,3.08
540.00,600.00,60.00,0.53,d_rp4_entry_8,7.10,1,1,22.26,0.53
600.00,660.00,180.00,0.95,d_rp4_entry_1,5.00,3,4,31.83,3.43
600.00,660.00,420.00,4.28,d_rp4_entry_2,5.00,7,8,16.96,6.31
600.00,660.00,120.00,3.19,d_rp4_entry_3,5.00,2,2,5.22,3.22
600.00,660.00,540.00,1.50,d_rp4_entry_4,5.00,9,9,50.12,6.09
600.00,660.00,540.00,1.21,d_rp4_entry_5,5.00,9,9,62.24,4.84
600.00,660.00,360.00,0.63,d_rp4_entry_6,5.00,6,7,81.18,2.78
600.00,660.00,420.00,0.74,d_rp4_entry_7,5.00,7,6,74.89,1.55
600.00,660.00,60.00,1.57,d_rp4_entry_8,5.00,1,1,5.32,1.57
660.00,720.00,420.00,1.19,d_rp4_entry_1,5.00,7,6,45.76,4.54
660.00,720.00,840.00,3.58,d_rp4_entry_2,5.00,14,15,32.85,6.21
660.00,720.00,0.00,-1.00,d_rp4_entry_3,-1.00,0,0,0.00,-1.00
660.00,720.00,480.00,4.93,d_rp4_entry_4,5.00,8,9,19.52,6.87
660.00,720.00,600.00,4.06,d_rp4_entry_5,5.00,10,10,20.50,5.50
660.00,720.00,180.00,1.42,d_rp4_entry_6,5.00,3,3,91.29,3.37
660.00,720.00,240.00,1.09,d_rp4_entry_7,5.00,4,5,82.80,1.89
660.00,720.00,0.00,-1.00,d_rp4_entry_8,-1.00,0,0,0.00,-1.00
720.00,780.00,300.00,2.83,d_rp4_entry_1,5.00,5,5,14.74,6.67
720.00,780.00,600.00,4.78,d_rp4_entry_2,5.00,10,10,22.19,6.06
720.00,780.00,180.00,6.37,d_rp4_entry_3,5.00,3,3,3.93,6.41
720.00,780.00,480.00,3.12,d_rp4_entry_4,5.00,8,9,23.66,6.23
720.00,780.00,480.00,1.38,d_rp4_entry_5,5.00,8,8,48.42,2.68
720.00,780.00,0.00,-1.00,d_rp4_entry_6,-1.00,0,0,100.00,-1.00
720.00,780.00,60.00,0.11,d_rp4_entry_7,5.00,1,1,95.64,0.11
720.00,780.00,180.00,1.23,d_rp4_entry_8,5.70,3,3,22.67,3.78
780.00,840.00,240.00,2.43,d_rp4_entry_1,5.00,4,5,24.74,4.53
780.00,840.00,420.00,7.95,d_rp4_entry_2,5.60,7,7,8.20,7.99
780.00,840.00,0.00,-1.00,d_rp4_entry_3,-1.00,0,0,0.00,-1.00
780.00,840.00,420.00,1.24,d_rp4_entry_4,5.00,7,7,41.31,2.79
780.00,840.00,600.00,1.44,d_rp4_entry_5,5.00,10,11,61.30,4.29
780.00,840.00,360.00,0.21,d_rp4_entry_6,5.00,6,6,82.78,2.76
780.00,840.00,660.00,0.69,d_rp4_entry_7,5.00,11,11,63.41,4.17
780.00,840.00,60.00,6.87,d_rp4_entry_8,5.00,1,1,1.21,6.87
840.00,900.00,360.00,2.75,d_rp4_entry_1,5.00,6,5,7.16,6.97
840.00,900.00,420.00,7.16,d_rp4_entry_2,5.00,7,7,8.15,7.42
840.00,900.00,240.00,3.81,d_rp4_entry_3,5.53,4,4,10.44,4.65
840.00,900.00,540.00,3.84,d_rp4_entry_4,5.00,9,8,18.82,6.18
840.00,900.00,720.00,2.90,d_rp4_entry_5,5.00,12,12,34.27,5.17
840.00,900.00,0.00,-1.00,d_rp4_entry_6,-1.00,0,0,100.00,-1.00
840.00,900.00,240.00,1.30,d_rp4_entry_7,5.00,4,4,79.14,1.49
840.00,900.00,0.00,-1.00,d_rp4_entry_8,-1.00,0,0,0.00,-1.00
900.00,960.00,240.00,2.10,d_rp4_entry_1,5.00,4,4,15.88,7.20
900.00,960.00,540.00,5.70,d_rp4_entry_2,5.00,9,9,13.17,6.97
900.00,960.00,120.00,6.32,d_rp4_entry_3,5.00,2,2,2.64,6.34
900.00,960.00,360.00,1.71,d_rp4_entry_4,5.00,6,7,30.38,2.94
900.00,960.00,600.00,1.60,d_rp4_entry_5,5.00,10,9,48.72,2.70
900.00,960.00,120.00,0.09,d_rp4_entry_6,5.00,2,2,91.86,0.14
900.00,960.00,240.00,0.27,d_rp4_entry_7,5.00,4,4,79.07,1.13
900.00,960.00,60.00,6.49,d_rp4_entry_8,5.00,1,1,1.28,6.49
960.00,1020.00,180.00,0.68,d_rp4_entry_1,5.00,3,3,36.51,3.07
960.00,1020.00,420.00,6.42,d_rp4_entry_2,5.00,7,8,9.34,6.91
960.00,1020.00,180.00,5.80,d_rp4_entry_3,5.00,3,3,4.31,5.99
960.00,1020.00,420.00,7.10,d_rp4_entry_4,5.00,7,6,7.09,7.63
960.00,1020.00,900.00,4.49,d_rp4_entry_5,5.00,15,15,27.87,5.86
960.00,1020.00,240.00,0.40,d_rp4_entry_6,5.00,4,4,85.56,1.39
960.00,1020.00,540.00,1.09,d_rp4_entry_7,5.00,9,8,56.24,3.03
960.00,1020.00,60.00,7.79,d_rp4_entry_8,5.00,1,1,1.07,7.79
1020.00,1080.00,180.00,7.46,d_rp4_entry_1,5.00,3,3,3.35,7.47
1020.00,1080.00,600.00,3.57,d_rp4_entry_2,5.21,10,10,27.69,5.47
1020.00,1080.00,180.00,7.15,d_rp4_entry_3,5.00,3,3,3.50,7.84
1020.00,1080.00,360.00,1.70,d_rp4_entry_4,5.00,6,6,29.38,6.69
1020.00,1080.00,720.00,3.19,d_rp4_entry_5,5.00,12,12,31.35,5.23
1020.00,1080.00,120.00,0.21,d_rp4_entry_6,6.05,2,2,93.48,0.23
1020.00,1080.00,180.00,0.32,d_rp4_entry_7,5.00,3,4,84.34,0.52
1020.00,1080.00,120.00,3.88,d_rp4_entry_8,5.00,2,2,4.30,6.25
1080.00,1140.00,120.00,5.95,d_rp4_entry_1,5.00,2,2,2.80,5.96
1080.00,1140.00,420.00,2.47,d_rp4_entry_2,5.00,7,6,21.67,5.73
1080.00,1140.00,120.00,4.72,d_rp4_entry_3,5.00,2,3,6.77,5.23
1080.00,1140.00,180.00,0.86,d_rp4_entry_4,5.00,3,3,28.99,3.46
1080.00,1140.00,540.00,5.56,d_rp4_entry_5,5.00,9,9,13.49,6.12
1080.00,1140.00,840.00,1.65,d_rp4_entry_6,5.00,14,14,54.53,5.86
1080.00,1140.00,840.00,2.15,d_rp4_entry_7,5.00,14,14,52.47,4.03
1080.00,1140.00,0.00,-1.00,d_rp4_entry_8,-1.00,0,0,0.00,-1.00
1140.00,1200.00,180.00,7.92,d_rp4_entry_1,5.00,3,4,3.52,7.96
1140.00,1200.00,120.00,2.67,d_rp4_entry_2,5.00,2,2,6.24,3.96
1140.00,1200.00,300.00,3.37,d_rp4_entry_3,5.00,5,4,9.14,4.24
1140.00,1200.00,240.00,1.82,d_rp4_entry_4,5.53,4,4,24.31,5.17
1140.00,1200.00,720.00,3.67,d_rp4_entry_5,5.00,12,12,27.21,5.82
1140.00,1200.00,480.00,3.56,d_rp4_entry_6,5.26,8,8,45.08,5.38
1140.00,1200.00,720.00,1.86,d_rp4_entry_7,5.17,12,12,54.93,4.38
1140.00,1200.00,60.00,0.52,d_rp4_entry_8,5.00,1,1,16.11,0.52
1200.00,1260.00,240.00,8.32,d_rp4_entry_1,5.00,4,4,62.48,8.35
1200.00,1260.00,540.00,1.84,d_rp4_entry_2,5.00,9,9,40.83,5.41
1200.00,1260.00,60.00,2.77,d_rp4_entry_3,5.00,1,2,4.60,2.77
1200.00,1260.00,540.00,5.95,d_rp4_entry_4,5.00,9,9,12.60,7.23
1200.00,1260.00,540.00,6.76,d_rp4_entry_5,5.00,9,10,25.13,6.82
1200.00,1260.00,120.00,0.18,d_rp4_entry_6,5.00,2,2,94.27,0.19
1200.00,1260.00,420.00,0.93,d_rp4_entry_7,5.00,7,7,60.65,3.67
1200.00,1260.00,60.00,0.11,d_rp4_entry_8,5.00,1,1,76.21,0.11
1260.00,1320.00,360.00,0.37,d_rp4_entry_1,5.00,6,5,77.38,3.01
1260.00,1320.00,540.00,4.61,d_rp4_entry_2,5.00,9,9,16.25,5.48
1260.00,1320.00,420.00,1.93,d_rp4_entry_3,5.30,7,6,29.90,3.12
1260.00,1320.00,240.00,0.51,d_rp4_entry_4,5.00,4,4,64.81,3.90
1260.00,1320.00,300.00,1.23,d_rp4_entry_5,5.00,5,5,33.94,2.27
1260.00,1320.00,300.00,0.42,d_rp4_entry_6,5.00,5,5,85.55,2.79
1260.00,1320.00,480.00,1.04,d_rp4_entry_7,5.00,8,8,70.62,3.53
1260.00,1320.00,60.00,8.22,d_rp4_entry_8,5.00,1,2,68.34,8.22
1320.00,1380.00,360.00,1.43,d_rp4_entry_1,5.00,6,7,35.79,6.96
1320.00,1380.00,360.00,3.66,d_rp4_entry_2,5.00,6,6,13.66,4.46
1320.00,1380.00,120.00,2.43,d_rp4_entry_3,5.00,2,2,6.86,2.57
1320.00,1380.00,600.00,5.54,d_rp4_entry_4,5.21,10,11,36.13,7.64
1320.00,1380.00,720.00,5.84,d_rp4_entry_5,5.00,12,13,19.18,6.25
1320.00,1380.00,180.00,0.53,d_rp4_entry_6,5.00,3,3,88.25,3.52
1320.00,1380.00,420.00,1.00,d_rp4_entry_7,5.00,7,7,63.87,1.69
1320.00,1380.00,120.00,0.17,d_rp4_entry_8,5.00,2,1,29.10,0.56
1380.00,1440.00,360.00,4.52,d_rp4_entry_1,5.00,6,7,11.53,7.46
1380.00,1440.00,600.00,1.76,d_rp4_entry_2,5.00,10,10,47.32,4.13
1380.00,1440.00,120.00,2.26,d_rp4_entry_3,5.00,2,2,7.38,2.54
1380.00,1440.00,780.00,2.20,d_rp4_entry_4,5.00,13,12,28.64,5.98
1380.00,1440.00,720.00,2.10,d_rp4_entry_5,5.00,12,11,45.46,4.26
1380.00,1440.00,120.00,0.18,d_rp4_entry_6,5.00,2,2,92.92,0.26
1380.00,1440.00,420.00,0.83,d_rp4_entry_7,5.00,7,7,66.07,2.23
1380.00,1440.00,0.00,-1.00,d_rp4_entry_8,-1.00,0,1,31.80,-1.00
1440.00,1500.00,240.00,0.95,d_rp4_entry_1,5.00,4,3,34.51,4.66
1440.00,1500.00,480.00,3.74,d_rp4_entry_2,5.00,8,9,31.40,6.39
1440.00,1500.00,180.00,1.99,d_rp4_entry_3,5.00,3,3,12.57,2.20
1440.00,1500.00,540.00,2.22,d_rp4_entry_4,5.00,9,10,38.37,6.57
1440.00,1500.00,300.00,0.84,d_rp4_entry_5,5.00,5,6,50.99,2.88
1440.00,1500.00,480.00,0.52,d_rp4_entry_6,5.00,8,8,77.04,3.91
1440.00,1500.00,660.00,1.21,d_rp4_entry_7,5.00,11,10,64.64,4.88
1440.00,1500.00,60.00,0.07,d_rp4_entry_8,5.00,1,1,94.96,0.07
1500.00,1560.00,0.00,-1.00,d_rp4_entry_1,-1.00,0,2,82.48,-1.00
1500.00,1560.00,540.00,1.88,d_rp4_entry_2,5.23,9,8,35.96,4.36
1500.00,1560.00,300.00,3.55,d_rp4_entry_3,5.00,5,5,11.75,3.92
1500.00,1560.00,600.00,2.85,d_rp4_entry_4,5.00,10,9,24.72,6.39
1500.00,1560.00,900.00,4.38,d_rp4_entry_5,5.00,15,15,30.30,5.18
1500.00,1560.00,360.00,1.14,d_rp4_entry_6,5.00,6,6,81.06,3.41
1500.00,1560.00,660.00,2.35,d_rp4_entry_7,5.00,11,12,50.06,3.66
1500.00,1560.00,120.00,0.46,d_rp4_entry_8,5.00,2,1,33.68,4.37
1560.00,1620.00,540.00,1.24,d_rp4_entry_1,5.00,9,8,36.90,6.70
1560.00,1620.00,660.00,3.93,d_rp4_entry_2,5.00,11,12,25.00,4.98
1560.00,1620.00,240.00,3.89,d_rp4_entry_3,5.53,4,4,9.39,4.27
1560.00,1620.00,180.00,5.12,d_rp4_entry_4,5.00,3,4,30.84,6.61
1560.00,1620.00,300.00,3.10,d_rp4_entry_5,5.00,5,6,53.18,4.41
1560.00,1620.00,180.00,0.22,d_rp4_entry_6,5.00,3,3,80.45,1.22
1560.00,1620.00,480.00,0.88,d_rp4_entry_7,5.00,8,8,71.51,2.44
1560.00,1620.00,120.00,0.27,d_rp4_entry_8,5.00,2,3,62.76,0.86
1620.00,1680.00,420.00,1.99,d_rp4_entry_1,5.00,7,7,29.36,5.18
1620.00,1680.00,480.00,2.26,d_rp4_entry_2,5.00,8,7,27.86,5.80
1620.00,1680.00,180.00,1.26,d_rp4_entry_3,5.70,3,4,24.64,1.49
1620.00,1680.00,480.00,1.46,d_rp4_entry_4,5.00,8,8,67.16,5.42
1620.00,1680.00,360.00,0.80,d_rp4_entry_5,5.00,6,6,61.68,4.40
1620.00,1680.00,180.00,0.26,d_rp4_entry_6,5.00,3,3,91.32,2.00
1620.00,1680.00,540.00,1.06,d_rp4_entry_7,5.00,9,8,63.28,2.77
1620.00,1680.00,60.00,0.16,d_rp4_entry_8,5.00,1,1,96.38,0.16
1680.00,1740.00,0.00,-1.00,d_rp4_entry_1,-1.00,0,1,88.17,-1.00
1680.00,1740.00,180.00,1.45,d_rp4_entry_2,5.00,3,4,35.87,2.95
1680.00,1740.00,360.00,3.07,d_rp4_entry_3,5.00,6,5,13.04,4.26
1680.00,1740.00,300.00,0.41,d_rp4_entry_4,5.00,5,4,54.07,4.60
1680.00,1740.00,360.00,0.69,d_rp4_entry_5,5.00,6,5,31.44,3.37
1680.00,1740.00,540.00,1.31,d_rp4_entry_6,5.00,9,10,67.95,6.26
1680.00,1740.00,660.00,2.07,d_rp4_entry_7,5.00,11,12,45.82,4.17
1680.00,1740.00,180.00,0.25,d_rp4_entry_8,5.70,3,3,64.07,1.78
1740.00,1800.00,660.00,0.90,d_rp4_entry_1,5.00,11,10,13.75,7.95
1740.00,1800.00,540.00,2.30,d_rp4_entry_2,5.23,9,8,14.59,6.28
1740.00,1800.00,540.00,2.77,d_rp4_entry_3,5.47,9,9,29.56,3.90
1740.00,1800.00,240.00,0.44,d_rp4_entry_4,5.00,4,4,76.56,3.43
1740.00,1800.00,540.00,1.64,d_rp4_entry_5,5.00,9,9,45.70,6.23
1740.00,1800.00,120.00,0.16,d_rp4_entry_6,5.00,2,2,94.04,2.10
1740.00,1800.00,480.00,0.94,d_rp4_entry_7,5.00,8,7,69.77,1.93
1740.00,1800.00,120.00,0.35,d_rp4_entry_8,6.05,2,2,56.95,0.45
1800.00,1860.00,180.00,9.06,d_rp4_entry_1,5.00,3,3,2.76,9.08
1800.00,1860.00,600.00,5.62,d_rp4_entry_2,5.00,10,10,14.82,6.18
1800.00,1860.00,360.00,3.46,d_rp4_entry_3,5.00,6,6,14.44,3.99
1800.00,1860.00,660.00,3.24,d_rp4_entry_4,5.00,11,12,30.90,6.20
1800.00,1860.00,540.00,1.26,d_rp4_entry_5,5.00,9,9,59.59,3.72
1800.00,1860.00,300.00,0.56,d_rp4_entry_6,5.00,5,5,84.49,3.95
1800.00,1860.00,360.00,0.67,d_rp4_entry_7,5.00,6,7,77.33,4.52
1800.00,1860.00,60.00,0.16,d_rp4_entry_8,5.00,1,1,62.69,0.16
1860.00,1920.00,120.00,2.79,d_rp4_entry_1,5.00,2,3,11.05,4.87
1860.00,1920.00,360.00,6.83,d_rp4_entry_2,5.35,6,6,7.96,6.98
1860.00,1920.00,180.00,3.76,d_rp4_entry_3,5.00,3,3,6.64,4.53
1860.00,1920.00,480.00,1.57,d_rp4_entry_4,5.00,8,8,42.35,4.27
1860.00,1920.00,300.00,2.77,d_rp4_entry_5,5.00,5,6,15.43,5.00
1860.00,1920.00,540.00,0.94,d_rp4_entry_6,5.00,9,9,74.98,5.48
1860.00,1920.00,420.00,0.84,d_rp4_entry_7,5.00,7,6,66.78,1.33
1860.00,1920.00,180.00,0.96,d_rp4_entry_8,5.00,3,2,9.32,4.05
1920.00,1980.00,180.00,1.56,d_rp4_entry_1,5.00,3,3,11.53,3.38
1920.00,1980.00,420.00,2.49,d_rp4_entry_2,5.00,7,7,23.40,6.73
1920.00,1980.00,240.00,4.87,d_rp4_entry_3,5.53,4,5,12.23,5.16
1920.00,1980.00,540.00,4.40,d_rp4_entry_4,5.00,9,11,40.79,6.29
1920.00,1980.00,660.00,3.49,d_rp4_entry_5,5.00,11,11,26.25,5.31
1920.00,1980.00,120.00,0.22,d_rp4_entry_6,5.00,2,2,89.83,2.26
1920.00,1980.00,420.00,0.81,d_rp4_entry_7,5.00,7,7,72.45,3.07
1920.00,1980.00,120.00,0.46,d_rp4_entry_8,5.00,2,2,36.51,1.15
1980.00,2040.00,480.00,3.73,d_rp4_entry_1,5.00,8,7,17.29,7.59
1980.00,2040.00,480.00,3.46,d_rp4_entry_2,5.26,8,9,32.91,5.93
1980.00,2040.00,420.00,2.35,d_rp4_entry_3,5.60,7,6,23.12,3.58
1980.00,2040.00,240.00,0.60,d_rp4_entry_4,5.00,4,4,55.60,2.41
1980.00,2040.00,420.00,1.27,d_rp4_entry_5,5.00,7,7,45.94,4.82
1980.00,2040.00,0.00,-1.00,d_rp4_entry_6,-1.00,0,0,100.00,-1.00
1980.00,2040.00,360.00,0.74,d_rp4_entry_7,5.00,6,7,68.80,1.81
1980.00,2040.00,60.00,6.06,d_rp4_entry_8,5.00,1,3,50.87,6.06
2040.00,2100.00,300.00,8.11,d_rp4_entry_1,5.00,5,5,5.14,8.14
2040.00,2100.00,720.00,3.49,d_rp4_entry_2,5.00,12,11,15.64,7.18
2040.00,2100.00,360.00,3.89,d_rp4_entry_3,5.35,6,6,13.36,4.51
2040.00,2100.00,480.00,3.21,d_rp4_entry_4,5.00,8,9,21.94,5.22
2040.00,2100.00,420.00,1.23,d_rp4_entry_5,5.00,7,8,49.80,4.08
2040.00,2100.00,60.00,0.04,d_rp4_entry_6,5.00,1,1,96.41,0.04
2040.00,2100.00,180.00,0.27,d_rp4_entry_7,5.00,3,2,93.02,3.73
2040.00,2100.00,180.00,0.39,d_rp4_entry_8,6.40,3,2,37.62,2.94
2100.00,2160.00,300.00,6.39,d_rp4_entry_1,5.00,5,6,15.18,7.50
2100.00,2160.00,660.00,4.01,d_rp4_entry_2,5.00,11,11,22.86,7.18
2100.00,2160.00,240.00,3.88,d_rp4_entry_3,5.00,4,4,8.60,5.48
2100.00,2160.00,360.00,1.88,d_rp4_entry_4,5.00,6,7,27.02,6.18
2100.00,2160.00,540.00,2.55,d_rp4_entry_5,5.00,9,9,41.69,4.77
2100.00,2160.00,0.00,-1.00,d_rp4_entry_6,-1.00,0,0,100.00,-1.00
2100.00,2160.00,60.00,0.99,d_rp4_entry_7,5.00,1,2,85.30,0.99
2100.00,2160.00,180.00,0.74,d_rp4_entry_8,5.70,3,3,41.10,3.22
2160.00,2220.00,300.00,3.17,d_rp4_entry_1,5.00,5,4,4.47,7.00
2160.00,2220.00,540.00,6.62,d_rp4_entry_2,5.00,9,10,12.42,6.97
2160.00,2220.00,240.00,3.24,d_rp4_entry_3,5.00,4,4,10.29,3.93
2160.00,2220.00,360.00,0.96,d_rp4_entry_4,5.00,6,6,52.08,5.48
2160.00,2220.00,600.00,1.62,d_rp4_entry_5,5.00,10,10,37.29,4.92
2160.00,2220.00,120.00,0.13,d_rp4_entry_6,5.00,2,2,92.92,0.38
2160.00,2220.00,420.00,0.41,d_rp4_entry_7,5.00,7,6,64.22,1.64
2160.00,2220.00,120.00,0.86,d_rp4_entry_8,5.00,2,2,19.44,0.99
2220.00,2280.00,60.00,2.37,d_rp4_entry_1,5.00,1,2,56.97,2.37
2220.00,2280.00,300.00,0.82,d_rp4_entry_2,5.00,5,5,49.98,5.17
2220.00,2280.00,300.00,3.33,d_rp4_entry_3,5.00,5,5,12.49,3.96
2220.00,2280.00,300.00,0.76,d_rp4_entry_4,5.00,5,6,59.68,6.39
2220.00,2280.00,240.00,0.60,d_rp4_entry_5,5.00,4,4,63.61,5.21
2220.00,2280.00,540.00,0.82,d_rp4_entry_6,5.47,9,9,68.76,4.07
2220.00,2280.00,660.00,2.26,d_rp4_entry_7,5.00,11,11,40.65,4.24
2220.00,2280.00,60.00,6.98,d_rp4_entry_8,5.00,1,1,1.19,6.98
2280.00,2340.00,480.00,0.89,d_rp4_entry_1,5.00,8,7,21.48,7.40
2280.00,2340.00,720.00,7.84,d_rp4_entry_2,5.00,12,12,12.76,7.90
2280.00,2340.00,420.00,4.96,d_rp4_entry_3,5.00,7,7,11.77,5.53
2280.00,2340.00,540.00,2.51,d_rp4_entry_4,5.00,9,9,34.42,6.25
2280.00,2340.00,660.00,2.02,d_rp4_entry_5,5.00,11,10,36.66,4.98
2280.00,2340.00,60.00,0.07,d_rp4_entry_6,5.00,1,1,97.44,0.07
2280.00,2340.00,60.00,0.09,d_rp4_entry_7,5.00,1,1,88.45,0.09
2280.00,2340.00,180.00,3.56,d_rp4_entry_8,5.00,3,3,7.02,5.17
2340.00,2400.00,120.00,8.47,d_rp4_entry_1,5.00,2,3,15.62,8.57
2340.00,2400.00,780.00,6.33,d_rp4_entry_2,5.00,13,13,17.12,7.02
2340.00,2400.00,120.00,3.89,d_rp4_entry_3,6.05,2,2,4.84,4.53
2340.00,2400.00,720.00,2.29,d_rp4_entry_4,5.00,12,12,40.12,6.16
2340.00,2400.00,720.00,2.28,d_rp4_entry_5,5.00,12,13,49.77,4.38
2340.00,2400.00,180.00,6.49,d_rp4_entry_6,5.00,3,3,91.27,6.82
2340.00,2400.00,240.00,0.46,d_rp4_entry_7,5.00,4,5,86.10,3.31
2340.00,2400.00,0.00,-1.00,d_rp4_entry_8,-1.00,0,0,0.00,-1.00
2400.00,2460.00,360.00,1.71,d_rp4_entry_1,5.00,6,6,24.71,7.22
2400.00,2460.00,780.00,4.35,d_rp4_entry_2,5.00,13,13,24.93,7.04
2400.00,2460.00,120.00,5.94,d_rp4_entry_3,5.00,2,2,2.80,5.94
2400.00,2460.00,360.00,0.82,d_rp4_entry_4,5.00,6,5,55.02,3.43
2400.00,2460.00,600.00,1.31,d_rp4_entry_5,5.00,10,9,57.77,2.88
2400.00,2460.00,300.00,0.29,d_rp4_entry_6,5.00,5,5,77.92,3.88
2400.00,2460.00,300.00,0.43,d_rp4_entry_7,5.00,5,5,84.58,1.42
2400.00,2460.00,180.00,0.75,d_rp4_entry_8,5.70,3,3,36.44,1.37
2460.00,2520.00,180.00,1.33,d_rp4_entry_1,5.00,3,2,9.65,5.45
2460.00,2520.00,420.00,5.11,d_rp4_entry_2,5.00,7,7,11.42,6.34
2460.00,2520.00,360.00,4.83,d_rp4_entry_3,5.35,6,6,11.42,5.43
2460.00,2520.00,240.00,0.54,d_rp4_entry_4,5.00,4,4,61.38,5.41
2460.00,2520.00,300.00,0.57,d_rp4_entry_5,5.00,5,5,72.90,3.52
2460.00,2520.00,300.00,0.41,d_rp4_entry_6,5.00,5,5,86.28,5.73
2460.00,2520.00,420.00,0.82,d_rp4_entry_7,5.00,7,7,74.77,2.59
2460.00,2520.00,240.00,1.78,d_rp4_entry_8,6.05,4,4,21.35,4.30
2520.00,2580.00,60.00,1.02,d_rp4_entry_1,5.00,1,1,8.18,1.02
2520.00,2580.00,780.00,4.54,d_rp4_entry_2,5.00,13,13,23.86,6.82
2520.00,2580.00,360.00,3.59,d_rp4_entry_3,5.00,6,6,13.93,4.15
2520.00,2580.00,240.00,8.46,d_rp4_entry_4,5.00,4,5,59.50,8.48
2520.00,2580.00,540.00,2.07,d_rp4_entry_5,5.00,9,10,43.94,4.61
2520.00,2580.00,180.00,0.29,d_rp4_entry_6,5.00,3,3,90.81,1.96
2520.00,2580.00,180.00,0.40,d_rp4_entry_7,5.00,3,3,88.21,1.24
2520.00,2580.00,120.00,6.78,d_rp4_entry_8,6.05,2,2,3.09,7.13
2580.00,2640.00,300.00,1.50,d_rp4_entry_1,5.00,5,5,27.70,5.24
2580.00,2640.00,720.00,6.94,d_rp4_entry_2,5.00,12,12,14.41,7.49
2580.00,2640.00,180.00,6.25,d_rp4_entry_3,5.00,3,3,4.00,6.26
2580.00,2640.00,540.00,0.89,d_rp4_entry_4,5.00,9,11,48.04,4.97
2580.00,2640.00,600.00,2.98,d_rp4_entry_5,5.00,10,12,35.38,5.45
2580.00,2640.00,60.00,0.75,d_rp4_entry_6,5.00,1,1,96.58,0.75
2580.00,2640.00,360.00,0.55,d_rp4_entry_7,5.00,6,6,79.15,2.31
2580.00,2640.00,60.00,0.86,d_rp4_entry_8,5.00,1,1,9.73,0.86
2640.00,2700.00,360.00,1.08,d_rp4_entry_1,5.00,6,7,47.47,6.73
2640.00,2700.00,480.00,3.39,d_rp4_entry_2,5.00,8,10,22.38,5.64
2640.00,2700.00,120.00,2.96,d_rp4_entry_3,5.00,2,2,5.63,3.92
2640.00,2700.00,360.00,0.67,d_rp4_entry_4,5.00,6,6,64.79,4.09
2640.00,2700.00,660.00,2.36,d_rp4_entry_5,5.00,11,11,33.24,4.90
2640.00,2700.00,420.00,0.46,d_rp4_entry_6,5.00,7,7,79.16,5.63
2640.00,2700.00,300.00,0.71,d_rp4_entry_7,5.00,5,5,78.63,1.99
2640.00,2700.00,120.00,1.87,d_rp4_entry_8,5.00,2,3,35.55,3.97
2700.00,2760.00,180.00,8.89,d_rp4_entry_1,5.00,3,2,1.80,8.92
2700.00,2760.00,900.00,6.18,d_rp4_entry_2,5.14,15,14,21.38,7.05
2700.00,2760.00,240.00,3.57,d_rp4_entry_3,5.53,4,4,10.07,4.03
2700.00,2760.00,300.00,0.94,d_rp4_entry_4,5.00,5,5,75.50,4.95
2700.00,2760.00,540.00,1.56,d_rp4_entry_5,5.00,9,9,50.15,5.11
2700.00,2760.00,180.00,0.21,d_rp4_entry_6,5.00,3,3,90.46,1.85
2700.00,2760.00,180.00,0.23,d_rp4_entry_7,5.00,3,3,88.86,0.38
2700.00,2760.00,240.00,0.62,d_rp4_entry_8,5.00,4,3,27.04,1.16
2760.00,2820.00,480.00,1.73,d_rp4_entry_1,5.00,8,8,38.50,6.77
2760.00,2820.00,600.00,5.78,d_rp4_entry_2,5.00,10,10,14.42,6.86
2760.00,2820.00,240.00,4.18,d_rp4_entry_3,5.00,4,4,7.98,4.95
2760.00,2820.00,540.00,1.42,d_rp4_entry_4,5.00,9,9,33.65,6.92
2760.00,2820.00,780.00,2.73,d_rp4_entry_5,5.00,13,13,48.13,5.38
2760.00,2820.00,300.00,1.03,d_rp4_entry_6,5.42,5,5,84.43,5.99
2760.00,2820.00,420.00,1.05,d_rp4_entry_7,5.00,7,7,76.42,3.98
2760.00,2820.00,60.00,1.76,d_rp4_entry_8,5.00,1,2,8.08,1.76
2820.00,2880.00,360.00,7.98,d_rp4_entry_1,5.00,6,6,6.27,8.01
2820.00,2880.00,600.00,3.28,d_rp4_entry_2,5.21,10,11,25.99,5.54
2820.00,2880.00,360.00,3.77,d_rp4_entry_3,5.00,6,6,13.27,4.11
2820.00,2880.00,180.00,0.25,d_rp4_entry_4,5.00,3,2,80.95,2.57
2820.00,2880.00,480.00,2.09,d_rp4_entry_5,5.00,8,7,20.20,4.94
2820.00,2880.00,180.00,0.17,d_rp4_entry_6,5.00,3,4,90.91,0.55
2820.00,2880.00,540.00,0.68,d_rp4_entry_7,5.00,9,9,73.01,4.55
2820.00,2880.00,120.00,0.69,d_rp4_entry_8,6.05,2,1,25.71,0.69
2880.00,2940.00,240.00,8.31,d_rp4_entry_1,5.00,4,4,4.01,8.32
2880.00,2940.00,720.00,6.75,d_rp4_entry_2,5.00,12,11,14.66,7.22
2880.00,2940.00,180.00,6.15,d_rp4_entry_3,5.70,3,3,4.75,6.29
2880.00,2940.00,540.00,2.05,d_rp4_entry_4,5.00,9,10,37.10,6.46
2880.00,2940.00,540.00,1.37,d_rp4_entry_5,5.00,9,10,56.13,4.57
2880.00,2940.00,60.00,0.24,d_rp4_entry_6,5.00,1,1,96.38,0.24
2880.00,2940.00,180.00,0.55,d_rp4_entry_7,5.00,3,3,87.01,1.17
2880.00,2940.00,180.00,1.38,d_rp4_entry_8,5.70,3,3,23.29,3.46
2940.00,3000.00,180.00,7.05,d_rp4_entry_1,5.00,3,3,3.55,7.56
2940.00,3000.00,540.00,5.03,d_rp4_entry_2,5.00,9,9,14.92,5.99
2940.00,3000.00,300.00,3.41,d_rp4_entry_3,5.00,5,5,12.20,3.91
2940.00,3000.00,420.00,1.95,d_rp4_entry_4,5.00,7,7,29.84,6.58
2940.00,3000.00,600.00,2.60,d_rp4_entry_5,5.00,10,10,34.25,5.46
2940.00,3000.00,0.00,-1.00,d_rp4_entry_6,-1.00,0,0,100.00,-1.00
2940.00,3000.00,120.00,0.24,d_rp4_entry_7,5.00,2,2,87.54,1.55
2940.00,3000.00,240.00,0.61,d_rp4_entry_8,5.00,4,4,55.09,3.80
3000.00,3060.00,240.00,8.73,d_rp4_entry_1,5.00,4,4,3.82,8.74
3000.00,3060.00,420.00,3.13,d_rp4_entry_2,5.00,7,7,18.66,5.40
3000.00,3060.00,240.00,6.45,d_rp4_entry_3,5.00,4,4,5.17,6.48
3000.00,3060.00,180.00,1.18,d_rp4_entry_4,5.00,3,4,70.23,2.14
3000.00,3060.00,480.00,1.39,d_rp4_entry_5,5.00,8,8,53.45,4.29
3000.00,3060.00,360.00,0.20,d_rp4_entry_6,5.00,6,6,81.75,2.84
3000.00,3060.00,540.00,0.60,d_rp4_entry_7,5.00,9,9,64.41,2.98
3000.00,3060.00,120.00,3.21,d_rp4_entry_8,5.00,2,3,15.94,4.36
3060.00,3120.00,300.00,4.79,d_rp4_entry_1,5.00,5,6,9.23,6.03
3060.00,3120.00,540.00,7.57,d_rp4_entry_2,5.23,9,10,12.08,7.64
3060.00,3120.00,360.00,5.08,d_rp4_entry_3,5.00,6,6,9.84,5.51
3060.00,3120.00,240.00,0.48,d_rp4_entry_4,5.00,4,4,51.87,3.90
3060.00,3120.00,480.00,1.61,d_rp4_entry_5,5.00,8,8,37.95,3.83
3060.00,3120.00,120.00,2.57,d_rp4_entry_6,5.00,2,2,93.45,4.92
3060.00,3120.00,360.00,0.77,d_rp4_entry_7,5.00,6,6,77.45,1.97
3060.00,3120.00,120.00,0.21,d_rp4_entry_8,6.05,2,1,67.68,3.16
3120.00,3180.00,240.00,8.64,d_rp4_entry_1,5.00,4,3,3.32,8.68
3120.00,3180.00,360.00,7.15,d_rp4_entry_2,5.00,6,6,7.00,7.34
3120.00,3180.00,180.00,4.72,d_rp4_entry_3,5.00,3,3,5.30,5.51
3120.00,3180.00,480.00,0.85,d_rp4_entry_4,5.00,8,9,50.60,4.88
3120.00,3180.00,420.00,1.13,d_rp4_entry_5,5.00,7,6,46.00,2.69
3120.00,3180.00,180.00,0.14,d_rp4_entry_6,5.00,3,3,88.82,0.27
3120.00,3180.00,480.00,0.75,d_rp4_entry_7,5.00,8,8,76.00,2.83
3120.00,3180.00,60.00,9.34,d_rp4_entry_8,5.00,1,1,0.89,9.34
3180.00,3240.00,240.00,4.25,d_rp4_entry_1,5.00,4,4,7.83,6.52
3180.00,3240.00,300.00,5.61,d_rp4_entry_2,5.00,5,5,7.43,6.61
3180.00,3240.00,60.00,2.40,d_rp4_entry_3,5.00,1,1,3.47,2.40
3180.00,3240.00,240.00,7.46,d_rp4_entry_4,5.00,4,5,55.00,7.63
3180.00,3240.00,0.00,-1.00,d_rp4_entry_5,-1.00,0,0,0.00,-1.00
3180.00,3240.00,180.00,0.42,d_rp4_entry_6,5.00,3,3,85.91,3.21
3180.00,3240.00,360.00,1.86,d_rp4_entry_7,5.00,6,6,64.33,2.60
3180.00,3240.00,60.00,3.67,d_rp4_entry_8,5.00,1,1,2.27,3.67
3240.00,3300.00,0.00,-1.00,d_rp4_entry_1,-1.00,0,0,0.00,-1.00
3240.00,3300.00,60.00,0.86,d_rp4_entry_2,5.00,1,2,17.94,0.86
3240.00,3300.00,60.00,0.90,d_rp4_entry_3,5.00,1,1,9.23,0.90
3240.00,3300.00,60.00,0.06,d_rp4_entry_4,5.00,1,1,97.16,0.06
3240.00,3300.00,60.00,0.23,d_rp4_entry_5,5.00,1,2,37.19,0.23
3240.00,3300.00,180.00,0.21,d_rp4_entry_6,5.00,3,2,89.86,4.34
3240.00,3300.00,180.00,0.21,d_rp4_entry_7,5.00,3,3,81.97,1.82
3240.00,3300.00,0.00,-1.00,d_rp4_entry_8,-1.00,0,1,48.52,-1.00
3300.00,3360.00,180.00,0.59,d_rp4_entry_1,5.00,3,3,42.40,1.89
3300.00,3360.00,300.00,0.58,d_rp4_entry_2,5.00,5,4,62.99,3.80
3300.00,3360.00,180.00,1.04,d_rp4_entry_3,5.00,3,3,24.01,2.24
3300.00,3360.00,300.00,0.98,d_rp4_entry_4,5.00,5,5,53.43,2.32
3300.00,3360.00,540.00,1.79,d_rp4_entry_5,5.00,9,9,41.33,3.55
3300.00,3360.00,180.00,0.28,d_rp4_entry_6,5.00,3,4,90.97,1.36
3300.00,3360.00,420.00,0.89,d_rp4_entry_7,5.00,7,6,64.67,2.31
3300.00,3360.00,60.00,0.09,d_rp4_entry_8,7.10,1,1,94.50,0.09
3360.00,3420.00,60.00,0.48,d_rp4_entry_1,5.00,1,2,41.83,0.48
3360.00,3420.00,120.00,7.56,d_rp4_entry_2,5.00,2,3,23.20,7.66
3360.00,3420.00,300.00,1.80,d_rp4_entry_3,5.00,5,5,23.09,2.16
3360.00,3420.00,420.00,0.70,d_rp4_entry_4,5.00,7,6,70.36,4.65
3360.00,3420.00,600.00,1.87,d_rp4_entry_5,5.00,10,9,43.90,5.19
3360.00,3420.00,480.00,1.01,d_rp4_entry_6,5.00,8,8,72.63,4.09
3360.00,3420.00,600.00,1.76,d_rp4_entry_7,5.00,10,11,52.51,2.82
3360.00,3420.00,60.00,0.13,d_rp4_entry_8,5.00,1,1,95.94,0.13
3420.00,3480.00,360.00,0.78,d_rp4_entry_1,5.00,6,5,39.68,6.78
3420.00,3480.00,720.00,2.35,d_rp4_entry_2,5.00,12,11,21.62,5.47
3420.00,3480.00,120.00,4.08,d_rp4_entry_3,5.00,2,2,4.08,4.46
3420.00,3480.00,240.00,0.80,d_rp4_entry_4,5.00,4,5,43.00,3.27
3420.00,3480.00,360.00,1.67,d_rp4_entry_5,5.00,6,6,30.00,4.95
3420.00,3480.00,420.00,0.68,d_rp4_entry_6,5.00,7,7,77.20,4.18
3420.00,3480.00,540.00,1.01,d_rp4_entry_7,5.00,9,8,68.77,3.27
3420.00,3480.00,60.00,0.10,d_rp4_entry_8,5.00,1,1,96.00,0.10
3480.00,3540.00,600.00,4.71,d_rp4_entry_1,5.00,10,10,17.69,5.94
3480.00,3540.00,540.00,3.06,d_rp4_entry_2,5.00,9,9,24.50,4.25
3480.00,3540.00,120.00,1.97,d_rp4_entry_3,5.00,2,2,8.48,1.97
3480.00,3540.00,600.00,2.26,d_rp4_entry_4,5.00,10,10,41.34,6.30
3480.00,3540.00,780.00,2.52,d_rp4_entry_5,5.00,13,14,43.61,5.50
3480.00,3540.00,120.00,0.24,d_rp4_entry_6,5.00,2,2,92.69,2.16
3480.00,3540.00,180.00,0.39,d_rp4_entry_7,5.00,3,4,86.30,0.91
3480.00,3540.00,0.00,-1.00,d_rp4_entry_8,-1.00,0,0,100.00,-1.00
3540.00,3600.00,360.00,7.99,d_rp4_entry_1,5.00,6,7,9.11,8.03
3540.00,3600.00,660.00,3.02,d_rp4_entry_2,5.00,11,11,30.38,5.57
3540.00,3600.00,180.00,2.72,d_rp4_entry_3,5.00,3,4,10.07,2.97
3540.00,3600.00,420.00,1.16,d_rp4_entry_4,5.00,7,6,44.71,4.73
3540.00,3600.00,420.00,0.87,d_rp4_entry_5,5.00,7,6,66.46,3.32
3540.00,3600.00,300.00,0.43,d_rp4_entry_6,5.00,5,5,83.21,2.81
3540.00,3600.00,660.00,1.07,d_rp4_entry_7,5.00,11,10,64.23,4.32
3540.00,3600.00,120.00,0.07,d_rp4_entry_8,6.05,2,2,88.83,0.11
3600.00,3660.00,240.00,8.61,d_rp4_entry_1,5.00,4,5,62.34,8.69
3600.00,3660.00,240.00,0.86,d_rp4_entry_2,5.00,4,5,44.58,4.20
3600.00,3660.00,240.00,3.47,d_rp4_entry_3,5.53,4,3,10.40,4.60
3600.00,3660.00,120.00,0.20,d_rp4_entry_4,5.00,2,3,82.57,0.65
3600.00,3660.00,60.00,0.10,d_rp4_entry_5,5.00,1,2,83.43,0.10
3600.00,3660.00,600.00,1.16,d_rp4_entry_6,5.00,10,10,65.13,6.42
3600.00,3660.00,600.00,1.52,d_rp4_entry_7,5.00,10,11,63.63,4.92
3600.00,3660.00,60.00,0.14,d_rp4_entry_8,5.00,1,0,57.87,0.14
3660.00,3720.00,720.00,1.16,d_rp4_entry_1,5.00,12,11,28.01,7.38
3660.00,3720.00,1080.00,3.04,d_rp4_entry_2,5.00,18,17,43.33,5.31
3660.00,3720.00,240.00,2.01,d_rp4_entry_3,5.00,4,4,16.58,2.26
3660.00,3720.00,480.00,3.04,d_rp4_entry_4,5.00,8,7,21.78,5.74
3660.00,3720.00,720.00,3.16,d_rp4_entry_5,5.00,12,12,43.60,5.10
3660.00,3720.00,60.00,0.09,d_rp4_entry_6,5.00,1,0,89.00,0.09
3660.00,3720.00,180.00,0.28,d_rp4_entry_7,5.00,3,3,90.55,1.95
3660.00,3720.00,120.00,0.34,d_rp4_entry_8,6.05,2,2,68.32,1.99
3720.00,3780.00,120.00,9.26,d_rp4_entry_1,5.00,2,2,1.80,9.33
3720.00,3780.00,660.00,4.63,d_rp4_entry_2,5.00,11,11,19.80,6.60
3720.00,3780.00,480.00,3.22,d_rp4_entry_3,5.00,8,9,21.84,3.88
3720.00,3780.00,240.00,1.29,d_rp4_entry_4,5.00,4,5,73.79,2.64
3720.00,3780.00,660.00,2.39,d_rp4_entry_5,5.00,11,11,60.59,5.27
3720.00,3780.00,60.00,0.34,d_rp4_entry_6,5.00,1,1,24.66,0.34
3720.00,3780.00,840.00,1.74,d_rp4_entry_7,5.00,14,13,57.25,4.22
3720.00,3780.00,120.00,0.39,d_rp4_entry_8,5.00,2,3,55.30,0.40
3780.00,3840.00,60.00,9.56,d_rp4_entry_1,5.00,1,2,45.87,9.56
3780.00,3840.00,120.00,8.52,d_rp4_entry_2,5.00,2,2,1.96,8.53
3780.00,3840.00,60.00,0.89,d_rp4_entry_3,5.00,1,0,8.28,0.89
3780.00,3840.00,0.00,-1.00,d_rp4_entry_4,-1.00,0,0,100.00,-1.00
3780.00,3840.00,0.00,-1.00,d_rp4_entry_5,-1.00,0,0,100.00,-1.00
3780.00,3840.00,600.00,8.94,d_rp4_entry_6,5.00,10,10,9.32,9.02
3780.00,3840.00,1080.00,5.31,d_rp4_entry_7,5.00,18,19,45.34,6.57
3780.00,3840.00,60.00,0.40,d_rp4_entry_8,5.00,1,0,7.98,0.40
3840.00,3900.00,0.00,-1.00,d_rp4_entry_1,-1.00,0,0,100.00,-1.00
3840.00,3900.00,0.00,-1.00,d_rp4_entry_2,-1.00,0,0,0.00,-1.00
3840.00,3900.00,0.00,-1.00,d_rp4_entry_3,-1.00,0,0,0.00,-1.00
3840.00,3900.00,0.00,-1.00,d_rp4_entry_4,-1.00,0,0,100.00,-1.00
3840.00,3900.00,0.00,-1.00,d_rp4_entry_5,-1.00,0,0,100.00,-1.00
3840.00,3900.00,120.00,6.14,d_rp4_entry_6,5.00,2,2,2.72,6.94
3840.00,3900.00,0.00,-1.00,d_rp4_entry_7,-1.00,0,0,100.00,-1.00
3840.00,3900.00,0.00,-1.00,d_rp4_entry_8,-1.00,0,0,0.00,-1.00
3900.00,3960.00,0.00,-1.00,d_rp4_entry_1,-1.00,0,0,100.00,-1.00
3900.00,3960.00,0.00,-1.00,d_rp4_entry_2,-1.00,0,0,0.00,-1.00
3900.00,3960.00,120.00,1.83,d_rp4_entry_3,6.05,2,2,10.70,1.88
3900.00,3960.00,120.00,0.05,d_rp4_entry_4,5.00,2,2,91.63,3.78
3900.00,3960.00,120.00,0.05,d_rp4_entry_5,5.00,2,1,89.75,3.47
3900.00,3960.00,0.00,-1.00,d_rp4_entry_6,-1.00,0,1,6.13,-1.00
3900.00,3960.00,60.00,0.04,d_rp4_entry_7,5.00,1,0,97.26,0.04
3900.00,3960.00,0.00,-1.00,d_rp4_entry_8,-1.00,0,1,8.44,-1.00
3960.00,4020.00,600.00,0.28,d_rp4_entry_1,5.00,10,9,50.80,3.47
3960.00,4020.00,540.00,1.73,d_rp4_entry_2,5.00,9,9,43.35,3.88
3960.00,4020.00,120.00,1.97,d_rp4_entry_3,5.00,2,3,11.61,3.96
3960.00,4020.00,720.00,2.16,d_rp4_entry_4,5.00,12,12,52.23,5.27
3960.00,4020.00,600.00,4.05,d_rp4_entry_5,5.00,10,10,20.58,5.54
3960.00,4020.00,0.00,-1.00,d_rp4_entry_6,-1.00,0,0,100.00,-1.00
3960.00,4020.00,120.00,0.25,d_rp4_entry_7,5.00,2,3,87.91,1.14
3960.00,4020.00,0.00,-1.00,d_rp4_entry_8,-1.00,0,0,100.00,-1.00
4020.00,4080.00,600.00,2.50,d_rp4_entry_1,5.00,10,10,33.34,4.99
4020.00,4080.00,480.00,1.03,d_rp4_entry_2,5.00,8,9,65.97,2.77
4020.00,4080.00,180.00,1.59,d_rp4_entry_3,5.00,3,2,12.61,1.81
4020.00,4080.00,540.00,1.13,d_rp4_entry_4,5.00,9,9,70.45,7.50
4020.00,4080.00,600.00,1.77,d_rp4_entry_5,5.00,10,10,47.06,5.15
4020.00,4080.00,120.00,0.12,d_rp4_entry_6,5.00,2,2,73.71,0.65
4020.00,4080.00,360.00,0.67,d_rp4_entry_7,5.00,6,6,83.60,5.17
4020.00,4080.00,60.00,0.07,d_rp4_entry_8,5.00,1,0,3.86,0.07
4080.00,4140.00,420.00,2.19,d_rp4_entry_1,5.00,7,7,26.69,6.80
4080.00,4140.00,720.00,3.01,d_rp4_entry_2,5.00,12,11,31.92,6.05
4080.00,4140.00,0.00,-1.00,d_rp4_entry_3,-1.00,0,0,0.00,-1.00
4080.00,4140.00,600.00,1.42,d_rp4_entry_4,5.00,10,10,48.21,4.44
4080.00,4140.00,540.00,2.44,d_rp4_entry_5,5.00,9,9,30.80,4.19
4080.00,4140.00,240.00,0.44,d_rp4_entry_6,5.00,4,4,88.41,3.10
4080.00,4140.00,600.00,0.92,d_rp4_entry_7,5.00,10,9,59.72,3.76
4080.00,4140.00,0.00,-1.00,d_rp4_entry_8,-1.00,0,0,0.00,-1.00
4140.00,4200.00,300.00,2.76,d_rp4_entry_1,5.00,5,7,30.41,7.23
4140.00,4200.00,480.00,6.26,d_rp4_entry_2,5.00,8,9,15.64,7.16
4140.00,4200.00,0.00,-1.00,d_rp4_entry_3,-1.00,0,0,0.00,-1.00
4140.00,4200.00,420.00,9.46,d_rp4_entry_4,5.00,7,7,6.17,9.56
4140.00,4200.00,60.00,5.65,d_rp4_entry_5,5.00,1,1,1.48,5.65
4140.00,4200.00,420.00,0.43,d_rp4_entry_6,5.00,7,6,78.84,3.41
4140.00,4200.00,840.00,2.70,d_rp4_entry_7,5.00,14,14,43.26,3.88
4140.00,4200.00,0.00,-1.00,d_rp4_entry_8,-1.00,0,0,0.00,-1.00
4200.00,4260.00,480.00,0.82,d_rp4_entry_1,5.00,8,8,69.34,6.74
4200.00,4260.00,180.00,0.86,d_rp4_entry_2,5.00,3,4,29.65,1.62
4200.00,4260.00,0.00,-1.00,d_rp4_entry_3,-1.00,0,0,0.00,-1.00
4200.00,4260.00,0.00,-1.00,d_rp4_entry_4,-1.00,0,0,0.00,-1.00
4200.00,4260.00,1020.00,5.95,d_rp4_entry_5,5.00,17,17,23.82,6.64
4200.00,4260.00,360.00,7.94,d_rp4_entry_6,5.00,6,6,6.30,8.03
4200.00,4260.00,300.00,4.42,d_rp4_entry_7,5.00,5,5,9.42,6.04
4200.00,4260.00,0.00,-1.00,d_rp4_entry_8,-1.00,0,1,74.08,-1.00
4260.00,4320.00,240.00,8.92,d_rp4_entry_1,5.00,4,3,2.85,9.18
4260.00,4320.00,360.00,5.58,d_rp4_entry_2,5.00,6,5,8.36,6.07
4260.00,4320.00,0.00,-1.00,d_rp4_entry_3,-1.00,0,0,0.00,-1.00
4260.00,4320.00,0.00,-1.00,d_rp4_entry_4,-1.00,0,0,0.00,-1.00
4260.00,4320.00,120.00,7.65,d_rp4_entry_5,5.00,2,2,2.18,7.66
4260.00,4320.00,0.00,-1.00,d_rp4_entry_6,-1.00,0,0,0.00,-1.00
4260.00,4320.00,0.00,-1.00,d_rp4_entry_7,-1.00,0,0,0.00,-1.00
4260.00,4320.00,60.00,0.08,d_rp4_entry_8,5.00,1,0,27.51,0.08
4320.00,4380.00,300.00,8.76,d_rp4_entry_1,5.00,5,5,4.75,8.94
4320.00,4380.00,480.00,7.98,d_rp4_entry_2,5.00,8,9,9.44,8.06
4320.00,4380.00,0.00,-1.00,d_rp4_entry_3,-1.00,0,0,0.00,-1.00
4320.00,4380.00,0.00,-1.00,d_rp4_entry_4,-1.00,0,0,0.00,-1.00
4320.00,4380.00,0.00,-1.00,d_rp4_entry_5,-1.00,0,0,0.00,-1.00
4320.00,4380.00,0.00,-1.00,d_rp4_entry_6,-1.00,0,0,0.00,-1.00
4320.00,4380.00,0.00,-1.00,d_rp4_entry_7,-1.00,0,0,0.00,-1.00
4320.00,4380.00,0.00,-1.00,d_rp4_entry_8,-1.00,0,0,0.00,-1.00
4380.00,4440.00,300.00,8.99,d_rp4_entry_1,5.00,5,5,4.63,9.01
4380.00,4440.00,240.00,7.11,d_rp4_entry_2,5.00,4,3,3.60,7.19
4380.00,4440.00,0.00,-1.00,d_rp4_entry_3,-1.00,0,0,0.00,-1.00
4380.00,4440.00,0.00,-1.00,d_rp4_entry_4,-1.00,0,0,0.00,-1.00
4380.00,4440.00,0.00,-1.00,d_rp4_entry_5,-1.00,0,0,0.00,-1.00
4380.00,4440.00,0.00,-1.00,d_rp4_entry_6,-1.00,0,0,0.00,-1.00
4380.00,4440.00,0.00,-1.00,d_rp4_entry_7,-1.00,0,0,0.00,-1.00
4380.00,4440.00,0.00,-1.00,d_rp4_entry_8,-1.00,0,0,0.00,-1.00
4440.00,4500.00,60.00,7.72,d_rp4_entry_1,5.00,1,1,1.08,7.72
4440.00,4500.00,240.00,8.79,d_rp4_entry_2,5.00,4,4,3.79,8.95
4440.00,4500.00,0.00,-1.00,d_rp4_entry_3,-1.00,0,0,0.00,-1.00
4440.00,4500.00,0.00,-1.00,d_rp4_entry_4,-1.00,0,0,0.00,-1.00
4440.00,4500.00,0.00,-1.00,d_rp4_entry_5,-1.00,0,0,0.00,-1.00
4440.00,4500.00,0.00,-1.00,d_rp4_entry_6,-1.00,0,0,0.00,-1.00
4440.00,4500.00,0.00,-1.00,d_rp4_entry_7,-1.00,0,0,0.00,-1.00
4440.00,4500.00,0.00,-1.00,d_rp4_entry_8,-1.00,0,0,0.00,-1.00
4500.00,4560.00,60.00,8.29,d_rp4_entry_1,5.00,1,1,1.01,8.29
4500.00,4560.00,180.00,7.91,d_rp4_entry_2,5.00,3,3,3.16,7.92
4500.00,4560.00,0.00,-1.00,d_rp4_entry_3,-1.00,0,0,0.00,-1.00
4500.00,4560.00,0.00,-1.00,d_rp4_entry_4,-1.00,0,0,0.00,-1.00
4500.00,4560.00,0.00,-1.00,d_rp4_entry_5,-1.00,0,0,0.00,-1.00
4500.00,4560.00,0.00,-1.00,d_rp4_entry_6,-1.00,0,0,0.00,-1.00
4500.00,4560.00,0.00,-1.00,d_rp4_entry_7,-1.00,0,0,0.00,-1.00
4500.00,4560.00,0.00,-1.00,d_rp4_entry_8,-1.00,0,0,0.00,-1.00
4560.00,4620.00,240.00,9.04,d_rp4_entry_1,5.00,4,4,3.69,9.06
4560.00,4620.00,120.00,8.68,d_rp4_entry_2,5.00,2,2,1.92,8.71
4560.00,4620.00,0.00,-1.00,d_rp4_entry_3,-1.00,0,0,0.00,-1.00
4560.00,4620.00,0.00,-1.00,d_rp4_entry_4,-1.00,0,0,0.00,-1.00
4560.00,4620.00,0.00,-1.00,d_rp4_entry_5,-1.00,0,0,0.00,-1.00
4560.00,4620.00,0.00,-1.00,d_rp4_entry_6,-1.00,0,0,0.00,-1.00
4560.00,4620.00,0.00,-1.00,d_rp4_entry_7,-1.00,0,0,0.00,-1.00
4560.00,4620.00,0.00,-1.00,d_rp4_entry_8,-1.00,0,0,0.00,-1.00
4620.00,4680.00,180.00,9.27,d_rp4_entry_1,5.00,3,3,2.70,9.35
4620.00,4680.00,240.00,7.83,d_rp4_entry_2,5.00,4,4,4.26,7.84
4620.00,4680.00,0.00,-1.00,d_rp4_entry_3,-1.00,0,0,0.00,-1.00
4620.00,4680.00,0.00,-1.00,d_rp4_entry_4,-1.00,0,0,0.00,-1.00
4620.00,4680.00,0.00,-1.00,d_rp4_entry_5,-1.00,0,0,0.00,-1.00
4620.00,4680.00,0.00,-1.00,d_rp4_entry_6,-1.00,0,0,0.00,-1.00
4620.00,4680.00,0.00,-1.00,d_rp4_entry_7,-1.00,0,0,0.00,-1.00
4620.00,4680.00,0.00,-1.00,d_rp4_entry_8,-1.00,0,0,0.00,-1.00
4680.00,4740.00,120.00,8.80,d_rp4_entry_1,5.00,2,2,1.89,8.80
4680.00,4740.00,120.00,8.00,d_rp4_entry_2,5.00,2,2,2.08,8.11
4680.00,4740.00,0.00,-1.00,d_rp4_entry_3,-1.00,0,0,0.00,-1.00
4680.00,4740.00,0.00,-1.00,d_rp4_entry_4,-1.00,0,0,0.00,-1.00
4680.00,4740.00,0.00,-1.00,d_rp4_entry_5,-1.00,0,0,0.00,-1.00
4680.00,4740.00,0.00,-1.00,d_rp4_entry_6,-1.00,0,0,0.00,-1.00
4680.00,4740.00,0.00,-1.00,d_rp4_entry_7,-1.00,0,0,0.00,-1.00
4680.00,4740.00,0.00,-1.00,d_rp4_entry_8,-1.00,0,0,0.00,-1.00
4740.00,4800.00,120.00,9.72,d_rp4_entry_1,5.00,2,2,1.71,9.76
4740.00,4800.00,60.00,8.72,d_rp4_entry_2,5.00,1,1,0.96,8.72
4740.00,4800.00,0.00,-1.00,d_rp4_entry_3,-1.00,0,0,0.00,-1.00
4740.00,4800.00,0.00,-1.00,d_rp4_entry_4,-1.00,0,0,0.00,-1.00
4740.00,4800.00,0.00,-1.00,d_rp4_entry_5,-1.00,0,0,0.00,-1.00
4740.00,4800.00,0.00,-1.00,d_rp4_entry_6,-1.00,0,0,0.00,-1.00
4740.00,4800.00,0.00,-1.00,d_rp4_entry_7,-1.00,0,0,0.00,-1.00
4740.00,4800.00,0.00,-1.00,d_rp4_entry_8,-1.00,0,0,0.00,-1.00
4800.00,4860.00,240.00,8.99,d_rp4_entry_1,5.00,4,4,3.71,9.02
4800.00,4860.00,120.00,7.17,d_rp4_entry_2,5.00,2,2,2.32,7.17
4800.00,4860.00,0.00,-1.00,d_rp4_entry_3,-1.00,0,0,0.00,-1.00
4800.00,4860.00,0.00,-1.00,d_rp4_entry_4,-1.00,0,0,0.00,-1.00
4800.00,4860.00,0.00,-1.00,d_rp4_entry_5,-1.00,0,0,0.00,-1.00
4800.00,4860.00,0.00,-1.00,d_rp4_entry_6,-1.00,0,0,0.00,-1.00
4800.00,4860.00,0.00,-1.00,d_rp4_entry_7,-1.00,0,0,0.00,-1.00
4800.00,4860.00,0.00,-1.00,d_rp4_entry_8,-1.00,0,0,0.00,-1.00
4860.00,4920.00,120.00,8.18,d_rp4_entry_1,5.00,2,2,2.04,8.18
4860.00,4920.00,300.00,7.75,d_rp4_entry_2,5.00,5,5,5.38,7.76
4860.00,4920.00,0.00,-1.00,d_rp4_entry_3,-1.00,0,0,0.00,-1.00
4860.00,4920.00,0.00,-1.00,d_rp4_entry_4,-1.00,0,0,0.00,-1.00
4860.00,4920.00,0.00,-1.00,d_rp4_entry_5,-1.00,0,0,0.00,-1.00
4860.00,4920.00,0.00,-1.00,d_rp4_entry_6,-1.00,0,0,0.00,-1.00
4860.00,4920.00,0.00,-1.00,d_rp4_entry_7,-1.00,0,0,0.00,-1.00
4860.00,4920.00,0.00,-1.00,d_rp4_entry_8,-1.00,0,0,0.00,-1.00
4920.00,4980.00,120.00,8.59,d_rp4_entry_1,5.00,2,2,1.94,8.59
4920.00,4980.00,0.00,-1.00,d_rp4_entry_2,-1.00,0,0,0.00,-1.00
4920.00,4980.00,0.00,-1.00,d_rp4_entry_3,-1.00,0,0,0.00,-1.00
4920.00,4980.00,0.00,-1.00,d_rp4_entry_4,-1.00,0,0,0.00,-1.00
4920.00,4980.00,0.00,-1.00,d_rp4_entry_5,-1.00,0,0,0.00,-1.00
4920.00,4980.00,0.00,-1.00,d_rp4_entry_6,-1.00,0,0,0.00,-1.00
4920.00,4980.00,0.00,-1.00,d_rp4_entry_7,-1.00,0,0,0.00,-1.00
4920.00,4980.00,0.00,-1.00,d_rp4_entry_8,-1.00,0,0,0.00,-1.00
4980.00,5040.00,120.00,8.74,d_rp4_entry_1,5.00,2,2,1.91,8.75
4980.00,5040.00,240.00,8.42,d_rp4_entry_2,5.00,4,4,3.96,8.51
4980.00,5040.00,0.00,-1.00,d_rp4_entry_3,-1.00,0,0,0.00,-1.00
4980.00,5040.00,0.00,-1.00,d_rp4_entry_4,-1.00,0,0,0.00,-1.00
4980.00,5040.00,0.00,-1.00,d_rp4_entry_5,-1.00,0,0,0.00,-1.00
4980.00,5040.00,0.00,-1.00,d_rp4_entry_6,-1.00,0,0,0.00,-1.00
4980.00,5040.00,0.00,-1.00,d_rp4_entry_7,-1.00,0,0,0.00,-1.00
4980.00,5040.00,0.00,-1.00,d_rp4_entry_8,-1.00,0,0,0.00,-1.00
5040.00,5100.00,180.00,8.60,d_rp4_entry_1,5.00,3,3,2.91,8.60
5040.00,5100.00,60.00,6.82,d_rp4_entry_2,5.00,1,1,1.22,6.82
5040.00,5100.00,0.00,-1.00,d_rp4_entry_3,-1.00,0,0,0.00,-1.00
5040.00,5100.00,0.00,-1.00,d_rp4_entry_4,-1.00,0,0,0.00,-1.00
5040.00,5100.00,0.00,-1.00,d_rp4_entry_5,-1.00,0,0,0.00,-1.00
5040.00,5100.00,0.00,-1.00,d_rp4_entry_6,-1.00,0,0,0.00,-1.00
5040.00,5100.00,0.00,-1.00,d_rp4_entry_7,-1.00,0,0,0.00,-1.00
5040.00,5100.00,0.00,-1.00,d_rp4_entry_8,-1.00,0,0,0.00,-1.00
5100.00,5160.00,180.00,9.38,d_rp4_entry_1,5.00,3,3,2.66,9.38
5100.00,5160.00,240.00,7.55,d_rp4_entry_2,5.00,4,4,4.42,7.58
5100.00,5160.00,0.00,-1.00,d_rp4_entry_3,-1.00,0,0,0.00,-1.00
5100.00,5160.00,0.00,-1.00,d_rp4_entry_4,-1.00,0,0,0.00,-1.00
5100.00,5160.00,0.00,-1.00,d_rp4_entry_5,-1.00,0,0,0.00,-1.00
5100.00,5160.00,0.00,-1.00,d_rp4_entry_6,-1.00,0,0,0.00,-1.00
5100.00,5160.00,0.00,-1.00,d_rp4_entry_7,-1.00,0,0,0.00,-1.00
5100.00,5160.00,0.00,-1.00,d_rp4_entry_8,-1.00,0,0,0.00,-1.00
5160.00,5220.00,180.00,8.74,d_rp4_entry_1,5.00,3,3,2.86,8.85
5160.00,5220.00,180.00,7.88,d_rp4_entry_2,5.00,3,3,3.17,7.91
5160.00,5220.00,0.00,-1.00,d_rp4_entry_3,-1.00,0,0,0.00,-1.00
5160.00,5220.00,0.00,-1.00,d_rp4_entry_4,-1.00,0,0,0.00,-1.00
5160.00,5220.00,0.00,-1.00,d_rp4_entry_5,-1.00,0,0,0.00,-1.00
5160.00,5220.00,0.00,-1.00,d_rp4_entry_6,-1.00,0,0,0.00,-1.00
5160.00,5220.00,0.00,-1.00,d_rp4_entry_7,-1.00,0,0,0.00,-1.00
5160.00,5220.00,0.00,-1.00,d_rp4_entry_8,-1.00,0,0,0.00,-1.00
5220.00,5280.00,120.00,9.99,d_rp4_entry_1,5.00,2,2,1.67,10.03
5220.00,5280.00,180.00,7.45,d_rp4_entry_2,5.00,3,3,3.36,7.52
5220.00,5280.00,0.00,-1.00,d_rp4_entry_3,-1.00,0,0,0.00,-1.00
5220.00,5280.00,0.00,-1.00,d_rp4_entry_4,-1.00,0,0,0.00,-1.00
5220.00,5280.00,0.00,-1.00,d_rp4_entry_5,-1.00,0,0,0.00,-1.00
5220.00,5280.00,0.00,-1.00,d_rp4_entry_6,-1.00,0,0,0.00,-1.00
5220.00,5280.00,0.00,-1.00,d_rp4_entry_7,-1.00,0,0,0.00,-1.00
5220.00,5280.00,0.00,-1.00,d_rp4_entry_8,-1.00,0,0,0.00,-1.00
5280.00,5340.00,0.00,-1.00,d_rp4_entry_1,-1.00,0,0,0.00,-1.00
5280.00,5340.00,0.00,-1.00,d_rp4_entry_2,-1.00,0,0,0.00,-1.00
5280.00,5340.00,0.00,-1.00,d_rp4_entry_3,-1.00,0,0,0.00,-1.00
5280.00,5340.00,0.00,-1.00,d_rp4_entry_4,-1.00,0,0,0.00,-1.00
5280.00,5340.00,0.00,-1.00,d_rp4_entry_5,-1.00,0,0,0.00,-1.00
5280.00,5340.00,0.00,-1.00,d_rp4_entry_6,-1.00,0,0,0.00,-1.00
5280.00,5340.00,0.00,-1.00,d_rp4_entry_7,-1.00,0,0,0.00,-1.00
5280.00,5340.00,0.00,-1.00,d_rp4_entry_8,-1.00,0,0,0.00,-1.00
5340.00,5400.00,0.00,-1.00,d_rp4_entry_1,-1.00,0,0,0.00,-1.00
5340.00,5400.00,0.00,-1.00,d_rp4_entry_2,-1.00,0,0,0.00,-1.00
5340.00,5400.00,0.00,-1.00,d_rp4_entry_3,-1.00,0,0,0.00,-1.00
5340.00,5400.00,0.00,-1.00,d_rp4_entry_4,-1.00,0,0,0.00,-1.00
5340.00,5400.00,0.00,-1.00,d_rp4_entry_5,-1.00,0,0,0.00,-1.00
5340.00,5400.00,0.00,-1.00,d_rp4_entry_6,-1.00,0,0,0.00,-1.00
5340.00,5400.00,0.00,-1.00,d_rp4_entry_7,-1.00,0,0,0.00,-1.00
5340.00,5400.00,0.00,-1.00,d_rp4_entry_8,-1.00,0,0,0.00,-1.00
5400.00,5433.00,0.00,-1.00,d_rp4_entry_1,-1.00,0,0,0.00,-1.00
5400.00,5433.00,0.00,-1.00,d_rp4_entry_2,-1.00,0,0,0.00,-1.00
5400.00,5433.00,0.00,-1.00,d_rp4_entry_3,-1.00,0,0,0.00,-1.00
5400.00,5433.00,0.00,-1.00,d_rp4_entry_4,-1.00,0,0,0.00,-1.00
5400.00,5433.00,0.00,-1.00,d_rp4_entry_5,-1.00,0,0,0.00,-1.00
5400.00,5433.00,0.00,-1.00,d_rp4_entry_6,-1.00,0,0,0.00,-1.00
5400.00,5433.00,0.00,-1.00,d_rp4_entry_7,-1.00,0,0,0.00,-1.00
5400.00,5433.00,0.00,-1.00,d_rp4_entry_8,-1.00,0,0,0.00,-1.00
